Starting Dynare (version 6.1).
Calling Dynare with arguments: none
Starting preprocessing of the model file ... 
Found 12 equation(s). 
Evaluating expressions... 
Computing static model derivatives (order 1). 
Normalizing the static model... 
Finding the optimal block decomposition of the static model... 
7 block(s) found: 
  5 recursive block(s) and 2 simultaneous block(s). 
  the largest simultaneous block has 5 equation(s) 
                                 and 5 feedback variable(s). 
Computing dynamic model derivatives (order 2). 
Normalizing the dynamic model... 
Finding the optimal block decomposition of the dynamic model... 
2 block(s) found: 
  1 recursive block(s) and 1 simultaneous block(s). 
  the largest simultaneous block has 10 equation(s) 
                                 and 10 feedback variable(s). 
Preprocessing completed. 
Preprocessing time: 0h00m00s.

EIGENVALUES:
         Modulus             Real        Imaginary
       6.945e-18        6.945e-18                0
          0.1623           0.1623                0
            0.95             0.95                0
            0.95             0.95                0
          0.9531           0.9531                0
           1.064            1.064                0
           1.193            1.193                0
            2.31             2.31                0

There are 3 eigenvalue(s) larger than 1 in modulus for 3 forward-looking variable(s)
The rank condition is verified.


STEADY-STATE RESULTS:

y  		 0
c  		 0
r  		 0
pi 		 0
w  		 0
z  		 0
h  		 0
k  		 0
i  		 0
mc 		 0
a  		 0
g  		 0

MODEL SUMMARY

  Number of variables:         12
  Number of stochastic shocks: 3
  Number of state variables:   5
  Number of jumpers:           3
  Number of static variables:  4


MATRIX OF COVARIANCE OF EXOGENOUS SHOCKS
Variables         e_a       e_g       e_r
e_a          0.000100  0.000000  0.000000
e_g          0.000000  0.000100  0.000000
e_r          0.000000  0.000000  0.000100

POLICY AND TRANSITION FUNCTIONS
                                   y               c               r              pi               w               z               h               k               i              mc               a               g
y(-1)                       0.527242        0.034038        0.015341        0.073487        0.445946        1.269762        0.823816        0.055020        2.200819        0.742520               0               0
r(-1)                      -9.841857       -0.635374       -0.286365       -1.371767       -8.324324      -23.702225      -15.377901       -1.027049      -41.081954      -13.860368               0               0
k(-1)                      -0.603436        0.569366       -0.086819       -0.142645       -0.183319       -2.688688       -1.505369        0.874514       -4.019459       -1.085252               0               0
a(-1)                       1.391716        0.525507        0.071093        0.042007        0.870598        1.560779        0.690181        0.118366        4.734639        0.169063        0.950000               0
g(-1)                       0.130289       -0.110677        0.010469        0.012408       -0.008889        0.194687        0.203576        0.000356        0.014258        0.064399               0        0.950000
e_a                         1.464964        0.553166        0.074834        0.044218        0.916419        1.642925        0.726507        0.124596        4.983830        0.177961        1.000000               0
e_g                         0.137146       -0.116502        0.011020        0.013061       -0.009357        0.204934        0.214291        0.000375        0.015009        0.067788               0        1.000000
e_r                       -14.059795       -0.907677       -0.409092       -1.959667      -11.891892      -33.860321      -21.968430       -1.467213      -58.688506      -19.800526               0               0


THEORETICAL MOMENTS
VARIABLE         MEAN  STD. DEV.   VARIANCE
y              0.0000     0.1520     0.0231
c              0.0000     0.0610     0.0037
r              0.0000     0.0061     0.0000
pi             0.0000     0.0199     0.0004
w              0.0000     0.1336     0.0179
z              0.0000     0.3466     0.1201
h              0.0000     0.2231     0.0498
k              0.0000     0.0801     0.0064
i              0.0000     0.6071     0.3685
mc             0.0000     0.2006     0.0402
a              0.0000     0.0320     0.0010
g              0.0000     0.0320     0.0010



VARIANCE DECOMPOSITION (in percent)
         e_a     e_g     e_r
y      11.20    0.04   88.77
c      62.39    0.59   37.02
r      19.29    0.45   80.26
pi      0.65    0.02   99.33
w      13.11    0.03   86.86
z       1.28    0.02   98.70
h       0.50    0.06   99.44
k      48.51    0.06   51.43
i       4.13    0.01   95.87
mc      0.01    0.00   99.98
a     100.00    0.00    0.00
g       0.00  100.00    0.00



MATRIX OF CORRELATIONS
Variables          y        c        r       pi        w        z        h        k        i       mc        a        g
y             1.0000   0.4400   0.5568   0.9178   0.9846   0.9262   0.9390   0.4293   0.9748   0.9428   0.3323   0.0190
c             0.4400   1.0000  -0.4399   0.0711   0.5604   0.0760   0.1248   0.9745   0.2330   0.1789   0.6725  -0.0753
r             0.5568  -0.4399   1.0000   0.7492   0.4075   0.7766   0.7286  -0.5004   0.7100   0.6600  -0.0205   0.0653
pi            0.9178   0.0711   0.7492   1.0000   0.8658   0.9974   0.9983   0.0974   0.9773   0.9918  -0.0152   0.0142
w             0.9846   0.5604   0.4075   0.8658   1.0000   0.8670   0.8917   0.5672   0.9298   0.9121   0.3351  -0.0148
z             0.9262   0.0760   0.7766   0.9974   0.8670   1.0000   0.9971   0.0865   0.9853   0.9850   0.0416   0.0130
h             0.9390   0.1248   0.7286   0.9983   0.8917   0.9971   1.0000   0.1469   0.9866   0.9949   0.0338   0.0234
k             0.4293   0.9745  -0.5004   0.0974   0.5672   0.0865   0.1469   1.0000   0.2250   0.2161   0.4984  -0.0165
i             0.9748   0.2330   0.7100   0.9773   0.9298   0.9853   0.9866   0.2250   1.0000   0.9783   0.1939  -0.0064
mc            0.9428   0.1789   0.6600   0.9918   0.9121   0.9850   0.9949   0.2161   0.9783   1.0000   0.0091   0.0018
a             0.3323   0.6725  -0.0205  -0.0152   0.3351   0.0416   0.0338   0.4984   0.1939   0.0091   1.0000   0.0000
g             0.0190  -0.0753   0.0653   0.0142  -0.0148   0.0130   0.0234  -0.0165  -0.0064   0.0018   0.0000   1.0000



COEFFICIENTS OF AUTOCORRELATION
Order           1        2        3        4        5
y          0.2700   0.1472   0.1231   0.1152   0.1100
c          0.9838   0.9623   0.9399   0.9173   0.8947
r          0.4968   0.4002   0.3702   0.3517   0.3357
pi         0.1448   0.0069  -0.0146  -0.0173  -0.0169
w          0.3529   0.2421   0.2185   0.2092   0.2022
z          0.1460   0.0078  -0.0142  -0.0173  -0.0174
h          0.1469   0.0090  -0.0128  -0.0158  -0.0158
k          0.9819   0.9580   0.9332   0.9085   0.8839
i          0.1747   0.0392   0.0158   0.0107   0.0087
mc         0.1603   0.0241   0.0021  -0.0014  -0.0019
a          0.9500   0.9025   0.8574   0.8145   0.7738
g          0.9500   0.9025   0.8574   0.8145   0.7738
Total computing time : 0h00m10s
